
3
[
    [
        <1, [ 1, 2 ]>,
        <2, [ 1 ]>,
        <3, [ 1, 1, 1 ]>
    ],
    [
        <2, [ 2, 2, 2 ]>
    ]
]


5
[
    [
        <1, [ 1, 2, 3, 4 ]>,
        <2, [ 3, 2 ]>,
        <3, [ 3, 1, 4, 2 ]>,
        <4, [ 2, 3 ]>,
        <5, [ 1, 1, 1, 1, 1 ]>
    ],
    [
        <2, [ 1, 4 ]>,
        <4, [ 1 ]>
    ],
    [
        <4, [ 4, 4, 4, 4, 4 ]>
    ]
]


7
[
    [
        <1, [ 1, 2, 3, 4, 5, 6 ]>,
        <2, [ 1, 4, 2 ]>,
        <3, [ 3, 2, 5, 4 ]>,
        <4, [ 2, 1, 4 ]>,
        <5, [ 5, 3, 1, 6, 4, 2 ]>,
        <6, [ 2, 4 ]>,
        <7, [ 1, 1, 1, 1, 1, 1, 1 ]>
    ],
    [
        <2, [ 5, 3, 6 ]>,
        <4, [ 3, 6, 5 ]>,
        <6, [ 3, 5 ]>
    ],
    [
        <3, [ 6, 1 ]>,
        <6, [ 1 ]>
    ],
    [
        <6, [ 6, 6, 6, 6, 6, 6, 6 ]>
    ]
]


11
[
    [
        <1, [ 1, 2, 3, 4, 5, 6, 7, 8, 9, 10 ]>,
        <2, [ 9, 5, 3, 1, 4 ]>,
        <3, [ 3, 6, 9, 1, 4, 7, 10, 2, 5, 8 ]>,
        <4, [ 3, 9, 5, 1, 4 ]>,
        <5, [ 5, 4, 9, 3, 8, 2, 7, 6 ]>,
        <6, [ 5, 4, 9, 3, 1 ]>,
        <7, [ 7, 3, 10, 6, 2, 9, 5, 1, 8, 4 ]>,
        <8, [ 3, 9, 1, 4, 5 ]>,
        <9, [ 9, 7, 5, 3, 1, 10, 8, 6, 4, 2 ]>,
        <10, [ 3, 4, 5, 9 ]>,
        <11, [ 1, 1, 1, 1, 1, 1, 1, 1, 1, 1, 1 ]>
    ],
    [
        <2, [ 7, 10, 8, 6, 2 ]>,
        <4, [ 7, 10, 6, 2, 8 ]>,
        <6, [ 10, 8, 2, 7, 6 ]>,
        <8, [ 6, 7, 10, 2, 8 ]>,
        <10, [ 2, 6, 7, 8 ]>
    ],
    [
        <5, [ 10, 1 ]>,
        <10, [ 1 ]>
    ],
    [
        <10, [ 10, 10, 10, 10, 10, 10, 10, 10, 10, 10, 10 ]>
    ]
]


13
[
    [
        <1, [ 1, 2, 3, 4, 5, 6, 7, 8, 9, 10, 11, 12 ]>,
        <2, [ 11, 7, 5, 8, 6, 2 ]>,
        <3, [ 3, 6, 9, 2, 11, 4, 7, 10 ]>,
        <4, [ 5, 6, 2, 11, 7, 8 ]>,
        <5, [ 5, 10, 2, 7, 12, 4, 9, 1, 6, 11, 3, 8 ]>,
        <6, [ 7, 2, 11, 6 ]>,
        <7, [ 7, 1, 8, 2, 9, 3, 10, 4, 11, 5, 12, 6 ]>,
        <8, [ 5, 2, 7, 6, 11, 8 ]>,
        <9, [ 9, 10, 6, 2, 11, 7, 3, 4 ]>,
        <10, [ 6, 2, 5, 8, 11, 7 ]>,
        <11, [ 11, 9, 7, 5, 3, 1, 12, 10, 8, 6, 4, 2 ]>,
        <12, [ 2, 6, 7, 11 ]>,
        <13, [ 1, 1, 1, 1, 1, 1, 1, 1, 1, 1, 1, 1, 1 ]>
    ],
    [
        <2, [ 9, 3, 1, 12, 10, 4 ]>,
        <4, [ 9, 1, 3 ]>,
        <6, [ 9, 3, 10, 4 ]>,
        <8, [ 9, 1, 3 ]>,
        <10, [ 3, 9, 12, 1, 4, 10 ]>,
        <12, [ 3, 9 ]>
    ],
    [
        <3, [ 12, 5, 8, 1 ]>,
        <6, [ 8, 5 ]>,
        <9, [ 5, 1, 12, 8 ]>,
        <12, [ 5, 8 ]>
    ],
    [
        <4, [ 10, 12, 4 ]>,
        <8, [ 10, 12, 4 ]>,
        <12, [ 4, 10 ]>
    ],
    [
        <6, [ 1, 12 ]>,
        <12, [ 1 ]>
    ],
    [
        <12, [ 12, 12, 12, 12, 12, 12, 12, 12, 12, 12, 12, 12, 12 ]>
    ]
]


17
[
    [
        <1, [ 1, 2, 3, 4, 5, 6, 7, 8, 9, 10, 11, 12, 13, 14, 15, 16 ]>,
        <2, [ 11, 7, 5, 3, 14, 12, 10, 6 ]>,
        <3, [ 3, 6, 9, 12, 15, 1, 4, 7, 10, 13, 16, 2, 5, 8, 11, 14 ]>,
        <4, [ 5, 14, 10, 6, 11, 7, 3, 12 ]>,
        <5, [ 5, 10, 15, 3, 8, 13, 1, 6, 11, 16, 4, 9, 14, 2, 7, 12 ]>,
        <6, [ 11, 5, 10, 3, 14, 7, 12, 6 ]>,
        <7, [ 7, 14, 4, 11, 1, 8, 15, 5, 12, 2, 9, 16, 6, 13, 3, 10 ]>,
        <8, [ 10, 11, 3, 12, 5, 14, 6, 7 ]>,
        <9, [ 9, 1, 10, 2, 11, 3, 12, 4, 13, 5, 14, 6, 15, 7, 16, 8 ]>,
        <10, [ 7, 14, 11, 5, 12, 6, 3, 10 ]>,
        <11, [ 11, 5, 16, 10, 4, 15, 9, 3, 14, 8, 2, 13, 7, 1, 12, 6 ]>,
        <12, [ 5, 10, 3, 6, 11, 14, 7, 12 ]>,
        <13, [ 13, 9, 5, 1, 14, 10, 6, 2, 15, 11, 7, 3, 16, 12, 8, 4 ]>,
        <14, [ 3, 6, 12, 7, 10, 5, 11, 14 ]>,
        <15, [ 15, 13, 11, 9, 7, 5, 3, 1, 16, 14, 12, 10, 8, 6, 4, 2 ]>,
        <16, [ 3, 5, 6, 7, 10, 11, 12, 14 ]>,
        <17, [ 1, 1, 1, 1, 1, 1, 1, 1, 1, 1, 1, 1, 1, 1, 1, 1, 1 ]>
    ],
    [
        <2, [ 15, 13, 9, 1, 16, 8, 4, 2 ]>,
        <4, [ 9, 2, 15, 8 ]>,
        <6, [ 16, 4, 15, 9, 8, 2, 13, 1 ]>,
        <8, [ 9, 2, 15, 8 ]>,
        <10, [ 4, 1, 8, 15, 2, 9, 16, 13 ]>,
        <12, [ 15, 8, 9, 2 ]>,
        <14, [ 9, 15, 1, 4, 13, 16, 2, 8 ]>,
        <16, [ 2, 8, 9, 15 ]>
    ],
    [
        <4, [ 13, 1, 16, 4 ]>,
        <8, [ 4, 13 ]>,
        <12, [ 13, 1, 16, 4 ]>,
        <16, [ 4, 13 ]>
    ],
    [
        <8, [ 1, 16 ]>,
        <16, [ 1 ]>
    ],
    [
        <16, [ 16, 16, 16, 16, 16, 16, 16, 16, 16, 16, 16, 16, 16, 16, 16, 16, 
        16 ]>
    ]
]


19
[
    [
        <1, [ 1, 2, 3, 4, 5, 6, 7, 8, 9, 10, 11, 12, 13, 14, 15, 16, 17, 18 ]>,
        <2, [ 17, 11, 9, 7, 5, 1, 16, 6, 4 ]>,
        <3, [ 3, 6, 9, 15, 2, 5, 14, 17, 4, 10, 13, 16 ]>,
        <4, [ 11, 7, 6, 17, 9, 5, 1, 16, 4 ]>,
        <5, [ 5, 10, 15, 1, 6, 11, 16, 2, 7, 12, 17, 3, 8, 13, 18, 4, 9, 14 ]>,
        <6, [ 9, 16, 4, 17, 5, 6 ]>,
        <7, [ 7, 14, 2, 9, 16, 4, 11, 18, 6, 13, 1, 8, 15, 3, 10, 17, 5, 12 ]>,
        <8, [ 11, 6, 17, 9, 1, 4, 7, 5, 16 ]>,
        <9, [ 9, 17, 16, 6, 15, 5, 14, 4, 13, 3, 2, 10 ]>,
        <10, [ 9, 17, 7, 16, 6, 5, 4, 11, 1 ]>,
        <11, [ 11, 3, 14, 6, 17, 9, 1, 12, 4, 15, 7, 18, 10, 2, 13, 5, 16, 8 ]>,
        <12, [ 9, 16, 4, 6, 17, 5 ]>,
        <13, [ 13, 7, 1, 14, 8, 2, 15, 9, 3, 16, 10, 4, 17, 11, 5, 18, 12, 6 ]>,
        <14, [ 5, 1, 6, 11, 16, 7, 17, 4, 9 ]>,
        <15, [ 15, 3, 14, 10, 6, 2, 17, 13, 9, 5, 16, 4 ]>,
        <16, [ 6, 9, 5, 11, 17, 1, 4, 7, 16 ]>,
        <17, [ 17, 15, 13, 11, 9, 7, 5, 3, 1, 18, 16, 14, 12, 10, 8, 6, 4, 2 ]>,
        <18, [ 4, 5, 6, 9, 16, 17 ]>,
        <19, [ 1, 1, 1, 1, 1, 1, 1, 1, 1, 1, 1, 1, 1, 1, 1, 1, 1, 1, 1 ]>
    ],
    [
        <2, [ 15, 13, 3, 18, 14, 12, 10, 8, 2 ]>,
        <4, [ 15, 3, 18, 14, 10, 2, 13, 12, 8 ]>,
        <6, [ 13, 14, 2, 15, 3, 10 ]>,
        <8, [ 3, 14, 12, 15, 18, 10, 2, 13, 8 ]>,
        <10, [ 18, 8, 15, 14, 13, 3, 12, 2, 10 ]>,
        <12, [ 14, 2, 13, 15, 3, 10 ]>,
        <14, [ 10, 15, 2, 12, 3, 8, 13, 18, 14 ]>,
        <16, [ 3, 12, 15, 18, 2, 8, 14, 10, 13 ]>,
        <18, [ 2, 3, 10, 13, 14, 15 ]>
    ],
    [
        <3, [ 12, 18, 8, 11, 1, 7 ]>,
        <6, [ 7, 1, 11 ]>,
        <9, [ 8, 7, 12, 11 ]>,
        <12, [ 7, 11, 1 ]>,
        <15, [ 11, 7, 18, 1, 12, 8 ]>,
        <18, [ 7, 11 ]>
    ],
    [
        <6, [ 8, 18, 12 ]>,
        <12, [ 18, 8, 12 ]>,
        <18, [ 8, 12 ]>
    ],
    [
        <9, [ 18, 1 ]>,
        <18, [ 1 ]>
    ],
    [
        <18, [ 18, 18, 18, 18, 18, 18, 18, 18, 18, 18, 18, 18, 18, 18, 18, 18, 
        18, 18, 18 ]>
    ]
]


23
[
    [
        <1, [ 1, 2, 3, 4, 5, 6, 7, 8, 9, 10, 11, 12, 13, 14, 15, 16, 17, 18, 19,
        20, 21, 22 ]>,
        <2, [ 13, 9, 3, 1, 18, 16, 12, 8, 6, 4, 2 ]>,
        <3, [ 3, 6, 9, 12, 15, 18, 21, 1, 4, 7, 10, 13, 16, 19, 22, 2, 5, 8, 11,
        14, 17, 20 ]>,
        <4, [ 3, 18, 6, 2, 13, 9, 1, 16, 12, 8, 4 ]>,
        <5, [ 5, 10, 15, 20, 2, 7, 12, 17, 22, 4, 9, 14, 19, 1, 6, 11, 16, 21, 
        3, 8, 13, 18 ]>,
        <6, [ 16, 4, 9, 3, 8, 2, 13, 1, 18, 12, 6 ]>,
        <7, [ 7, 14, 21, 5, 12, 19, 3, 10, 17, 1, 8, 15, 22, 6, 13, 20, 4, 11, 
        18, 2, 9, 16 ]>,
        <8, [ 6, 13, 12, 4, 3, 18, 2, 9, 1, 16, 8 ]>,
        <9, [ 9, 18, 4, 13, 22, 8, 17, 3, 12, 21, 7, 16, 2, 11, 20, 6, 15, 1, 
        10, 19, 5, 14 ]>,
        <10, [ 13, 3, 16, 6, 9, 12, 2, 18, 8, 1, 4 ]>,
        <11, [ 11, 10, 21, 9, 20, 8, 19, 7, 18, 6, 17, 5, 16, 4, 15, 3, 14, 2, 
        13, 12 ]>,
        <12, [ 9, 8, 18, 6, 16, 4, 3, 2, 13, 1, 12 ]>,
        <13, [ 13, 3, 16, 6, 19, 9, 22, 12, 2, 15, 5, 18, 8, 21, 11, 1, 14, 4, 
        17, 7, 20, 10 ]>,
        <14, [ 9, 18, 4, 13, 8, 3, 12, 16, 2, 6, 1 ]>,
        <15, [ 15, 7, 22, 14, 6, 21, 13, 5, 20, 12, 4, 19, 11, 3, 18, 10, 2, 17,
        9, 1, 16, 8 ]>,
        <16, [ 12, 3, 1, 8, 6, 13, 4, 18, 2, 9, 16 ]>,
        <17, [ 17, 11, 5, 22, 16, 10, 4, 21, 15, 9, 3, 20, 14, 8, 2, 19, 13, 7, 
        1, 18, 12, 6 ]>,
        <18, [ 2, 12, 4, 9, 1, 6, 16, 3, 8, 13, 18 ]>,
        <19, [ 19, 15, 11, 7, 3, 22, 18, 14, 10, 6, 2, 21, 17, 13, 9, 5, 1, 20, 
        16, 12, 8, 4 ]>,
        <20, [ 3, 6, 9, 12, 18, 1, 4, 13, 16, 2, 8 ]>,
        <21, [ 21, 19, 17, 15, 13, 11, 9, 7, 5, 3, 1, 22, 20, 18, 16, 14, 12, 
        10, 8, 6, 4, 2 ]>,
        <22, [ 2, 3, 4, 6, 8, 9, 12, 13, 16, 18 ]>,
        <23, [ 1, 1, 1, 1, 1, 1, 1, 1, 1, 1, 1, 1, 1, 1, 1, 1, 1, 1, 1, 1, 1, 1,
        1 ]>
    ],
    [
        <2, [ 21, 19, 17, 15, 11, 7, 5, 22, 20, 14, 10 ]>,
        <4, [ 19, 15, 11, 7, 22, 14, 10, 21, 17, 5, 20 ]>,
        <6, [ 17, 11, 5, 22, 10, 21, 15, 20, 14, 19, 7 ]>,
        <8, [ 15, 7, 22, 14, 21, 5, 20, 19, 11, 10, 17 ]>,
        <10, [ 19, 22, 15, 5, 21, 11, 14, 17, 7, 20, 10 ]>,
        <12, [ 11, 22, 10, 21, 20, 19, 7, 17, 5, 15, 14 ]>,
        <14, [ 22, 17, 21, 7, 11, 20, 15, 10, 19, 5, 14 ]>,
        <16, [ 7, 14, 21, 5, 19, 10, 17, 15, 22, 20, 11 ]>,
        <18, [ 5, 10, 15, 20, 7, 17, 22, 14, 19, 11, 21 ]>,
        <20, [ 15, 21, 7, 10, 19, 22, 5, 11, 14, 17, 20 ]>,
        <22, [ 5, 7, 10, 11, 14, 15, 17, 19, 20, 21 ]>
    ],
    [
        <11, [ 22, 1 ]>,
        <22, [ 1 ]>
    ],
    [
        <22, [ 22, 22, 22, 22, 22, 22, 22, 22, 22, 22, 22, 22, 22, 22, 22, 22, 
        22, 22, 22, 22, 22, 22, 22 ]>
    ]
]