[ 2080, 2241, 3025, 3136, 3520, 4096, 4200, 4641, 5265, 5985, 6336, 6721, 7056, 
7425, 7840, 8001, 8281, 8625, 8856, 9361, 9801, 9856, 10396, 10881, 11025, 
11340, 11376, 12096, 12321, 12376, 12880, 13041, 13825, 14176, 14365, 14400, 
15120, 15345, 15400, 15841, 16065, 16416, 16576, 17136, 17200, 17641, 17920, 
18096, 18145, 18361, 18865, 19201, 19845, 20125, 20241, 20385, 20736, 21385, 
21505, 21736, 22176, 22401, 23920, 24220, 24256, 24480, 24976, 25201, 25600, 
25705, 25840, 25921, 27000, 27105, 27280, 27405, 28000, 28161, 28225, 29601, 
29800, 30016, 30240, 30465, 30625, 30745, 30976, 31185, 31536, 31725, 31825, 
32320, 32481, 32725, 32760, 33201, 33265, 34560, 34561, 34776, 35721, 36001, 
36225, 36400, 36576, 36856, 37401, 38025, 39040, 39376, 39501, 39600, 40041, 
40096, 40825, 41041, 41536, 41601, 41616, 42120, 42625, 43065, 43120, 43660, 
43681, 44065, 44416, 45136, 45441, 45585, 45696, 45760, 45816, 46656, 47125, 
47425, 47520, 47601, 47880, 48321, 48385, 48601, 48945, 49105, 49665, 49680, 
49896, 50176, 50337, 50401, 50625, 51360, 51681, 51976, 52416, 52480, 52801, 
52921, 53200, 53361, 53505, 54145, 54496, 54901, 54945, 55000, 55056, 55216, 
55936, 56001, 56161, 56925, 57240, 57376, 57520, 57681, 57960, 58240, 58401, 
58465, 58696, 58752, 58905, 59185, 59536, 61201, 61425, 61480, 61776, 62560, 
62721, 62776, 63441, 63505, 63856, 64065, 64240, 64296, 64576, 64800, 64801, 
65296, 66816, 66976, 67200, 67320, 67600, 68256, 68761, 69300, 69616, 70225, 
70785, 70840, 70876, 71001, 71281, 72216, 72576, 72801, 72865, 73305, 73360, 
73900, 74305, 74481, 74880, 75141, 75600, 75601, 76000, 76384, 76545, 76636, 
76896, 77616, 78001, 78400, 78625, 79696, 80136, 80640, 80641, 80920, 81081, 
81225, 81720, 82225, 82621, 82720, 83161, 83601, 83721, 83776, 84456, 85680, 
85800, 85905, 86185, 86241, 86401, 86625, 86905, 86976, 87400, 87976, 88320, 
88480, 88641, 88705, 89376, 89425, 89776, 90000, 90321, 90441, 90945, 91665, 
91840, 92001, 92016, 92625, 92736, 92800, 92961, 93016, 93600, 94185, 95040, 
95200, 95425, 95473, 95761, 96201, 96481, 97020, 97461, 98176, 98280, 98385, 
98560, 98736, 99009, 99841 ]
Total: 304
Div by 5: 149 20000
Square: 28 316.227766016837933199889354443
mod 5: {* 0^^149, 1^^150, 2^^2, 3, 4^^2 *}