3
[
    [
        <1, [ 1, 2 ]>,
        <2, [ 1 ]>,
        <3, [ 1, 1, 1 ]>
    ],
    [
        <2, [ 2, 2, 2 ]>
    ]
]


5
[
    [
        <1, [ 1, 2, 3, 4 ]>,
        <2, [ 2, 3 ]>,
        <3, [ 1, 2, 3, 4 ]>,
        <4, [ 2, 3 ]>,
        <5, [ 1, 1, 1, 1, 1 ]>
    ],
    [
        <2, [ 1, 4 ]>,
        <4, [ 1 ]>
    ],
    [
        <4, [ 4, 4, 4, 4, 4 ]>
    ]
]


7
[
    [
        <1, [ 1, 2, 3, 4, 5, 6 ]>,
        <2, [ 1, 2, 4 ]>,
        <3, [ 2, 3, 4, 5 ]>,
        <4, [ 1, 2, 4 ]>,
        <5, [ 1, 2, 3, 4, 5, 6 ]>,
        <6, [ 2, 4 ]>,
        <7, [ 1, 1, 1, 1, 1, 1, 1 ]>
    ],
    [
        <2, [ 3, 5, 6 ]>,
        <4, [ 3, 5, 6 ]>,
        <6, [ 3, 5 ]>
    ],
    [
        <3, [ 1, 6 ]>,
        <6, [ 1 ]>
    ],
    [
        <6, [ 6, 6, 6, 6, 6, 6, 6 ]>
    ]
]


11
[
    [
        <1, [ 1, 2, 3, 4, 5, 6, 7, 8, 9, 10 ]>,
        <2, [ 1, 3, 4, 5, 9 ]>,
        <3, [ 1, 2, 3, 4, 5, 6, 7, 8, 9, 10 ]>,
        <4, [ 1, 3, 4, 5, 9 ]>,
        <5, [ 2, 3, 4, 5, 6, 7, 8, 9 ]>,
        <6, [ 1, 3, 4, 5, 9 ]>,
        <7, [ 1, 2, 3, 4, 5, 6, 7, 8, 9, 10 ]>,
        <8, [ 1, 3, 4, 5, 9 ]>,
        <9, [ 1, 2, 3, 4, 5, 6, 7, 8, 9, 10 ]>,
        <10, [ 3, 4, 5, 9 ]>,
        <11, [ 1, 1, 1, 1, 1, 1, 1, 1, 1, 1, 1 ]>
    ],
    [
        <2, [ 2, 6, 7, 8, 10 ]>,
        <4, [ 2, 6, 7, 8, 10 ]>,
        <6, [ 2, 6, 7, 8, 10 ]>,
        <8, [ 2, 6, 7, 8, 10 ]>,
        <10, [ 2, 6, 7, 8 ]>
    ],
    [
        <5, [ 1, 10 ]>,
        <10, [ 1 ]>
    ],
    [
        <10, [ 10, 10, 10, 10, 10, 10, 10, 10, 10, 10, 10 ]>
    ]
]


13
[
    [
        <1, [ 1, 2, 3, 4, 5, 6, 7, 8, 9, 10, 11, 12 ]>,
        <2, [ 2, 5, 6, 7, 8, 11 ]>,
        <3, [ 2, 3, 4, 6, 7, 9, 10, 11 ]>,
        <4, [ 2, 5, 6, 7, 8, 11 ]>,
        <5, [ 1, 2, 3, 4, 5, 6, 7, 8, 9, 10, 11, 12 ]>,
        <6, [ 2, 6, 7, 11 ]>,
        <7, [ 1, 2, 3, 4, 5, 6, 7, 8, 9, 10, 11, 12 ]>,
        <8, [ 2, 5, 6, 7, 8, 11 ]>,
        <9, [ 2, 3, 4, 6, 7, 9, 10, 11 ]>,
        <10, [ 2, 5, 6, 7, 8, 11 ]>,
        <11, [ 1, 2, 3, 4, 5, 6, 7, 8, 9, 10, 11, 12 ]>,
        <12, [ 2, 6, 7, 11 ]>,
        <13, [ 1, 1, 1, 1, 1, 1, 1, 1, 1, 1, 1, 1, 1 ]>
    ],
    [
        <2, [ 1, 3, 4, 9, 10, 12 ]>,
        <4, [ 1, 3, 9 ]>,
        <6, [ 3, 4, 9, 10 ]>,
        <8, [ 1, 3, 9 ]>,
        <10, [ 1, 3, 4, 9, 10, 12 ]>,
        <12, [ 3, 9 ]>
    ],
    [
        <3, [ 1, 5, 8, 12 ]>,
        <6, [ 5, 8 ]>,
        <9, [ 1, 5, 8, 12 ]>,
        <12, [ 5, 8 ]>
    ],
    [
        <4, [ 4, 10, 12 ]>,
        <8, [ 4, 10, 12 ]>,
        <12, [ 4, 10 ]>
    ],
    [
        <6, [ 1, 12 ]>,
        <12, [ 1 ]>
    ],
    [
        <12, [ 12, 12, 12, 12, 12, 12, 12, 12, 12, 12, 12, 12, 12 ]>
    ]
]


17
[
    [
        <1, [ 1, 2, 3, 4, 5, 6, 7, 8, 9, 10, 11, 12, 13, 14, 15, 16 ]>,
        <2, [ 3, 5, 6, 7, 10, 11, 12, 14 ]>,
        <3, [ 1, 2, 3, 4, 5, 6, 7, 8, 9, 10, 11, 12, 13, 14, 15, 16 ]>,
        <4, [ 3, 5, 6, 7, 10, 11, 12, 14 ]>,
        <5, [ 1, 2, 3, 4, 5, 6, 7, 8, 9, 10, 11, 12, 13, 14, 15, 16 ]>,
        <6, [ 3, 5, 6, 7, 10, 11, 12, 14 ]>,
        <7, [ 1, 2, 3, 4, 5, 6, 7, 8, 9, 10, 11, 12, 13, 14, 15, 16 ]>,
        <8, [ 3, 5, 6, 7, 10, 11, 12, 14 ]>,
        <9, [ 1, 2, 3, 4, 5, 6, 7, 8, 9, 10, 11, 12, 13, 14, 15, 16 ]>,
        <10, [ 3, 5, 6, 7, 10, 11, 12, 14 ]>,
        <11, [ 1, 2, 3, 4, 5, 6, 7, 8, 9, 10, 11, 12, 13, 14, 15, 16 ]>,
        <12, [ 3, 5, 6, 7, 10, 11, 12, 14 ]>,
        <13, [ 1, 2, 3, 4, 5, 6, 7, 8, 9, 10, 11, 12, 13, 14, 15, 16 ]>,
        <14, [ 3, 5, 6, 7, 10, 11, 12, 14 ]>,
        <15, [ 1, 2, 3, 4, 5, 6, 7, 8, 9, 10, 11, 12, 13, 14, 15, 16 ]>,
        <16, [ 3, 5, 6, 7, 10, 11, 12, 14 ]>,
        <17, [ 1, 1, 1, 1, 1, 1, 1, 1, 1, 1, 1, 1, 1, 1, 1, 1, 1 ]>
    ],
    [
        <2, [ 1, 2, 4, 8, 9, 13, 15, 16 ]>,
        <4, [ 2, 8, 9, 15 ]>,
        <6, [ 1, 2, 4, 8, 9, 13, 15, 16 ]>,
        <8, [ 2, 8, 9, 15 ]>,
        <10, [ 1, 2, 4, 8, 9, 13, 15, 16 ]>,
        <12, [ 2, 8, 9, 15 ]>,
        <14, [ 1, 2, 4, 8, 9, 13, 15, 16 ]>,
        <16, [ 2, 8, 9, 15 ]>
    ],
    [
        <4, [ 1, 4, 13, 16 ]>,
        <8, [ 4, 13 ]>,
        <12, [ 1, 4, 13, 16 ]>,
        <16, [ 4, 13 ]>
    ],
    [
        <8, [ 1, 16 ]>,
        <16, [ 1 ]>
    ],
    [
        <16, [ 16, 16, 16, 16, 16, 16, 16, 16, 16, 16, 16, 16, 16, 16, 16, 16, 
        16 ]>
    ]
]


19
[
    [
        <1, [ 1, 2, 3, 4, 5, 6, 7, 8, 9, 10, 11, 12, 13, 14, 15, 16, 17, 18 ]>,
        <2, [ 1, 4, 5, 6, 7, 9, 11, 16, 17 ]>,
        <3, [ 2, 3, 4, 5, 6, 9, 10, 13, 14, 15, 16, 17 ]>,
        <4, [ 1, 4, 5, 6, 7, 9, 11, 16, 17 ]>,
        <5, [ 1, 2, 3, 4, 5, 6, 7, 8, 9, 10, 11, 12, 13, 14, 15, 16, 17, 18 ]>,
        <6, [ 4, 5, 6, 9, 16, 17 ]>,
        <7, [ 1, 2, 3, 4, 5, 6, 7, 8, 9, 10, 11, 12, 13, 14, 15, 16, 17, 18 ]>,
        <8, [ 1, 4, 5, 6, 7, 9, 11, 16, 17 ]>,
        <9, [ 2, 3, 4, 5, 6, 9, 10, 13, 14, 15, 16, 17 ]>,
        <10, [ 1, 4, 5, 6, 7, 9, 11, 16, 17 ]>,
        <11, [ 1, 2, 3, 4, 5, 6, 7, 8, 9, 10, 11, 12, 13, 14, 15, 16, 17, 18 ]>,
        <12, [ 4, 5, 6, 9, 16, 17 ]>,
        <13, [ 1, 2, 3, 4, 5, 6, 7, 8, 9, 10, 11, 12, 13, 14, 15, 16, 17, 18 ]>,
        <14, [ 1, 4, 5, 6, 7, 9, 11, 16, 17 ]>,
        <15, [ 2, 3, 4, 5, 6, 9, 10, 13, 14, 15, 16, 17 ]>,
        <16, [ 1, 4, 5, 6, 7, 9, 11, 16, 17 ]>,
        <17, [ 1, 2, 3, 4, 5, 6, 7, 8, 9, 10, 11, 12, 13, 14, 15, 16, 17, 18 ]>,
        <18, [ 4, 5, 6, 9, 16, 17 ]>,
        <19, [ 1, 1, 1, 1, 1, 1, 1, 1, 1, 1, 1, 1, 1, 1, 1, 1, 1, 1, 1 ]>
    ],
    [
        <2, [ 2, 3, 8, 10, 12, 13, 14, 15, 18 ]>,
        <4, [ 2, 3, 8, 10, 12, 13, 14, 15, 18 ]>,
        <6, [ 2, 3, 10, 13, 14, 15 ]>,
        <8, [ 2, 3, 8, 10, 12, 13, 14, 15, 18 ]>,
        <10, [ 2, 3, 8, 10, 12, 13, 14, 15, 18 ]>,
        <12, [ 2, 3, 10, 13, 14, 15 ]>,
        <14, [ 2, 3, 8, 10, 12, 13, 14, 15, 18 ]>,
        <16, [ 2, 3, 8, 10, 12, 13, 14, 15, 18 ]>,
        <18, [ 2, 3, 10, 13, 14, 15 ]>
    ],
    [
        <3, [ 1, 7, 8, 11, 12, 18 ]>,
        <6, [ 1, 7, 11 ]>,
        <9, [ 7, 8, 11, 12 ]>,
        <12, [ 1, 7, 11 ]>,
        <15, [ 1, 7, 8, 11, 12, 18 ]>,
        <18, [ 7, 11 ]>
    ],
    [
        <6, [ 8, 12, 18 ]>,
        <12, [ 8, 12, 18 ]>,
        <18, [ 8, 12 ]>
    ],
    [
        <9, [ 1, 18 ]>,
        <18, [ 1 ]>
    ],
    [
        <18, [ 18, 18, 18, 18, 18, 18, 18, 18, 18, 18, 18, 18, 18, 18, 18, 18, 
        18, 18, 18 ]>
    ]
]


23
[
    [
        <1, [ 1, 2, 3, 4, 5, 6, 7, 8, 9, 10, 11, 12, 13, 14, 15, 16, 17, 18, 19,
        20, 21, 22 ]>,
        <2, [ 1, 2, 3, 4, 6, 8, 9, 12, 13, 16, 18 ]>,
        <3, [ 1, 2, 3, 4, 5, 6, 7, 8, 9, 10, 11, 12, 13, 14, 15, 16, 17, 18, 19,
        20, 21, 22 ]>,
        <4, [ 1, 2, 3, 4, 6, 8, 9, 12, 13, 16, 18 ]>,
        <5, [ 1, 2, 3, 4, 5, 6, 7, 8, 9, 10, 11, 12, 13, 14, 15, 16, 17, 18, 19,
        20, 21, 22 ]>,
        <6, [ 1, 2, 3, 4, 6, 8, 9, 12, 13, 16, 18 ]>,
        <7, [ 1, 2, 3, 4, 5, 6, 7, 8, 9, 10, 11, 12, 13, 14, 15, 16, 17, 18, 19,
        20, 21, 22 ]>,
        <8, [ 1, 2, 3, 4, 6, 8, 9, 12, 13, 16, 18 ]>,
        <9, [ 1, 2, 3, 4, 5, 6, 7, 8, 9, 10, 11, 12, 13, 14, 15, 16, 17, 18, 19,
        20, 21, 22 ]>,
        <10, [ 1, 2, 3, 4, 6, 8, 9, 12, 13, 16, 18 ]>,
        <11, [ 2, 3, 4, 5, 6, 7, 8, 9, 10, 11, 12, 13, 14, 15, 16, 17, 18, 19, 
        20, 21 ]>,
        <12, [ 1, 2, 3, 4, 6, 8, 9, 12, 13, 16, 18 ]>,
        <13, [ 1, 2, 3, 4, 5, 6, 7, 8, 9, 10, 11, 12, 13, 14, 15, 16, 17, 18, 
        19, 20, 21, 22 ]>,
        <14, [ 1, 2, 3, 4, 6, 8, 9, 12, 13, 16, 18 ]>,
        <15, [ 1, 2, 3, 4, 5, 6, 7, 8, 9, 10, 11, 12, 13, 14, 15, 16, 17, 18, 
        19, 20, 21, 22 ]>,
        <16, [ 1, 2, 3, 4, 6, 8, 9, 12, 13, 16, 18 ]>,
        <17, [ 1, 2, 3, 4, 5, 6, 7, 8, 9, 10, 11, 12, 13, 14, 15, 16, 17, 18, 
        19, 20, 21, 22 ]>,
        <18, [ 1, 2, 3, 4, 6, 8, 9, 12, 13, 16, 18 ]>,
        <19, [ 1, 2, 3, 4, 5, 6, 7, 8, 9, 10, 11, 12, 13, 14, 15, 16, 17, 18, 
        19, 20, 21, 22 ]>,
        <20, [ 1, 2, 3, 4, 6, 8, 9, 12, 13, 16, 18 ]>,
        <21, [ 1, 2, 3, 4, 5, 6, 7, 8, 9, 10, 11, 12, 13, 14, 15, 16, 17, 18, 
        19, 20, 21, 22 ]>,
        <22, [ 2, 3, 4, 6, 8, 9, 12, 13, 16, 18 ]>,
        <23, [ 1, 1, 1, 1, 1, 1, 1, 1, 1, 1, 1, 1, 1, 1, 1, 1, 1, 1, 1, 1, 1, 1,
        1 ]>
    ],
    [
        <2, [ 5, 7, 10, 11, 14, 15, 17, 19, 20, 21, 22 ]>,
        <4, [ 5, 7, 10, 11, 14, 15, 17, 19, 20, 21, 22 ]>,
        <6, [ 5, 7, 10, 11, 14, 15, 17, 19, 20, 21, 22 ]>,
        <8, [ 5, 7, 10, 11, 14, 15, 17, 19, 20, 21, 22 ]>,
        <10, [ 5, 7, 10, 11, 14, 15, 17, 19, 20, 21, 22 ]>,
        <12, [ 5, 7, 10, 11, 14, 15, 17, 19, 20, 21, 22 ]>,
        <14, [ 5, 7, 10, 11, 14, 15, 17, 19, 20, 21, 22 ]>,
        <16, [ 5, 7, 10, 11, 14, 15, 17, 19, 20, 21, 22 ]>,
        <18, [ 5, 7, 10, 11, 14, 15, 17, 19, 20, 21, 22 ]>,
        <20, [ 5, 7, 10, 11, 14, 15, 17, 19, 20, 21, 22 ]>,
        <22, [ 5, 7, 10, 11, 14, 15, 17, 19, 20, 21 ]>
    ],
    [
        <11, [ 1, 22 ]>,
        <22, [ 1 ]>
    ],
    [
        <22, [ 22, 22, 22, 22, 22, 22, 22, 22, 22, 22, 22, 22, 22, 22, 22, 22, 
        22, 22, 22, 22, 22, 22, 22 ]>
    ]
]


29
[
    [
        <1, [ 1, 2, 3, 4, 5, 6, 7, 8, 9, 10, 11, 12, 13, 14, 15, 16, 17, 18, 19,
        20, 21, 22, 23, 24, 25, 26, 27, 28 ]>,
        <2, [ 2, 3, 8, 10, 11, 12, 14, 15, 17, 18, 19, 21, 26, 27 ]>,
        <3, [ 1, 2, 3, 4, 5, 6, 7, 8, 9, 10, 11, 12, 13, 14, 15, 16, 17, 18, 19,
        20, 21, 22, 23, 24, 25, 26, 27, 28 ]>,
        <4, [ 2, 3, 8, 10, 11, 12, 14, 15, 17, 18, 19, 21, 26, 27 ]>,
        <5, [ 1, 2, 3, 4, 5, 6, 7, 8, 9, 10, 11, 12, 13, 14, 15, 16, 17, 18, 19,
        20, 21, 22, 23, 24, 25, 26, 27, 28 ]>,
        <6, [ 2, 3, 8, 10, 11, 12, 14, 15, 17, 18, 19, 21, 26, 27 ]>,
        <7, [ 2, 3, 4, 5, 6, 7, 8, 9, 10, 11, 13, 14, 15, 16, 18, 19, 20, 21, 
        22, 23, 24, 25, 26, 27 ]>,
        <8, [ 2, 3, 8, 10, 11, 12, 14, 15, 17, 18, 19, 21, 26, 27 ]>,
        <9, [ 1, 2, 3, 4, 5, 6, 7, 8, 9, 10, 11, 12, 13, 14, 15, 16, 17, 18, 19,
        20, 21, 22, 23, 24, 25, 26, 27, 28 ]>,
        <10, [ 2, 3, 8, 10, 11, 12, 14, 15, 17, 18, 19, 21, 26, 27 ]>,
        <11, [ 1, 2, 3, 4, 5, 6, 7, 8, 9, 10, 11, 12, 13, 14, 15, 16, 17, 18, 
        19, 20, 21, 22, 23, 24, 25, 26, 27, 28 ]>,
        <12, [ 2, 3, 8, 10, 11, 12, 14, 15, 17, 18, 19, 21, 26, 27 ]>,
        <13, [ 1, 2, 3, 4, 5, 6, 7, 8, 9, 10, 11, 12, 13, 14, 15, 16, 17, 18, 
        19, 20, 21, 22, 23, 24, 25, 26, 27, 28 ]>,
        <14, [ 2, 3, 8, 10, 11, 14, 15, 18, 19, 21, 26, 27 ]>,
        <15, [ 1, 2, 3, 4, 5, 6, 7, 8, 9, 10, 11, 12, 13, 14, 15, 16, 17, 18, 
        19, 20, 21, 22, 23, 24, 25, 26, 27, 28 ]>,
        <16, [ 2, 3, 8, 10, 11, 12, 14, 15, 17, 18, 19, 21, 26, 27 ]>,
        <17, [ 1, 2, 3, 4, 5, 6, 7, 8, 9, 10, 11, 12, 13, 14, 15, 16, 17, 18, 
        19, 20, 21, 22, 23, 24, 25, 26, 27, 28 ]>,
        <18, [ 2, 3, 8, 10, 11, 12, 14, 15, 17, 18, 19, 21, 26, 27 ]>,
        <19, [ 1, 2, 3, 4, 5, 6, 7, 8, 9, 10, 11, 12, 13, 14, 15, 16, 17, 18, 
        19, 20, 21, 22, 23, 24, 25, 26, 27, 28 ]>,
        <20, [ 2, 3, 8, 10, 11, 12, 14, 15, 17, 18, 19, 21, 26, 27 ]>,
        <21, [ 2, 3, 4, 5, 6, 7, 8, 9, 10, 11, 13, 14, 15, 16, 18, 19, 20, 21, 
        22, 23, 24, 25, 26, 27 ]>,
        <22, [ 2, 3, 8, 10, 11, 12, 14, 15, 17, 18, 19, 21, 26, 27 ]>,
        <23, [ 1, 2, 3, 4, 5, 6, 7, 8, 9, 10, 11, 12, 13, 14, 15, 16, 17, 18, 
        19, 20, 21, 22, 23, 24, 25, 26, 27, 28 ]>,
        <24, [ 2, 3, 8, 10, 11, 12, 14, 15, 17, 18, 19, 21, 26, 27 ]>,
        <25, [ 1, 2, 3, 4, 5, 6, 7, 8, 9, 10, 11, 12, 13, 14, 15, 16, 17, 18, 
        19, 20, 21, 22, 23, 24, 25, 26, 27, 28 ]>,
        <26, [ 2, 3, 8, 10, 11, 12, 14, 15, 17, 18, 19, 21, 26, 27 ]>,
        <27, [ 1, 2, 3, 4, 5, 6, 7, 8, 9, 10, 11, 12, 13, 14, 15, 16, 17, 18, 
        19, 20, 21, 22, 23, 24, 25, 26, 27, 28 ]>,
        <28, [ 2, 3, 8, 10, 11, 14, 15, 18, 19, 21, 26, 27 ]>,
        <29, [ 1, 1, 1, 1, 1, 1, 1, 1, 1, 1, 1, 1, 1, 1, 1, 1, 1, 1, 1, 1, 1, 1,
        1, 1, 1, 1, 1, 1, 1 ]>
    ],
    [
        <2, [ 1, 4, 5, 6, 7, 9, 13, 16, 20, 22, 23, 24, 25, 28 ]>,
        <4, [ 1, 7, 16, 20, 23, 24, 25 ]>,
        <6, [ 1, 4, 5, 6, 7, 9, 13, 16, 20, 22, 23, 24, 25, 28 ]>,
        <8, [ 1, 7, 16, 20, 23, 24, 25 ]>,
        <10, [ 1, 4, 5, 6, 7, 9, 13, 16, 20, 22, 23, 24, 25, 28 ]>,
        <12, [ 1, 7, 16, 20, 23, 24, 25 ]>,
        <14, [ 4, 5, 6, 7, 9, 13, 16, 20, 22, 23, 24, 25 ]>,
        <16, [ 1, 7, 16, 20, 23, 24, 25 ]>,
        <18, [ 1, 4, 5, 6, 7, 9, 13, 16, 20, 22, 23, 24, 25, 28 ]>,
        <20, [ 1, 7, 16, 20, 23, 24, 25 ]>,
        <22, [ 1, 4, 5, 6, 7, 9, 13, 16, 20, 22, 23, 24, 25, 28 ]>,
        <24, [ 1, 7, 16, 20, 23, 24, 25 ]>,
        <26, [ 1, 4, 5, 6, 7, 9, 13, 16, 20, 22, 23, 24, 25, 28 ]>,
        <28, [ 7, 16, 20, 23, 24, 25 ]>
    ],
    [
        <4, [ 4, 5, 6, 9, 13, 22, 28 ]>,
        <8, [ 4, 5, 6, 9, 13, 22, 28 ]>,
        <12, [ 4, 5, 6, 9, 13, 22, 28 ]>,
        <16, [ 4, 5, 6, 9, 13, 22, 28 ]>,
        <20, [ 4, 5, 6, 9, 13, 22, 28 ]>,
        <24, [ 4, 5, 6, 9, 13, 22, 28 ]>,
        <28, [ 4, 5, 6, 9, 13, 22 ]>
    ],
    [
        <7, [ 1, 12, 17, 28 ]>,
        <14, [ 12, 17 ]>,
        <21, [ 1, 12, 17, 28 ]>,
        <28, [ 12, 17 ]>
    ],
    [
        <14, [ 1, 28 ]>,
        <28, [ 1 ]>
    ],
    [
        <28, [ 28, 28, 28, 28, 28, 28, 28, 28, 28, 28, 28, 28, 28, 28, 28, 28, 
        28, 28, 28, 28, 28, 28, 28, 28, 28, 28, 28, 28, 28 ]>
    ]
]


31
[
    [
        <1, [ 1, 2, 3, 4, 5, 6, 7, 8, 9, 10, 11, 12, 13, 14, 15, 16, 17, 18, 19,
        20, 21, 22, 23, 24, 25, 26, 27, 28, 29, 30 ]>,
        <2, [ 1, 2, 4, 5, 7, 8, 9, 10, 14, 16, 18, 19, 20, 25, 28 ]>,
        <3, [ 3, 5, 6, 7, 9, 10, 11, 12, 13, 14, 17, 18, 19, 20, 21, 22, 24, 25,
        26, 28 ]>,
        <4, [ 1, 2, 4, 5, 7, 8, 9, 10, 14, 16, 18, 19, 20, 25, 28 ]>,
        <5, [ 2, 3, 4, 7, 8, 9, 10, 11, 12, 13, 14, 15, 16, 17, 18, 19, 20, 21, 
        22, 23, 24, 27, 28, 29 ]>,
        <6, [ 5, 7, 9, 10, 14, 18, 19, 20, 25, 28 ]>,
        <7, [ 1, 2, 3, 4, 5, 6, 7, 8, 9, 10, 11, 12, 13, 14, 15, 16, 17, 18, 19,
        20, 21, 22, 23, 24, 25, 26, 27, 28, 29, 30 ]>,
        <8, [ 1, 2, 4, 5, 7, 8, 9, 10, 14, 16, 18, 19, 20, 25, 28 ]>,
        <9, [ 3, 5, 6, 7, 9, 10, 11, 12, 13, 14, 17, 18, 19, 20, 21, 22, 24, 25,
        26, 28 ]>,
        <10, [ 2, 4, 7, 8, 9, 10, 14, 16, 18, 19, 20, 28 ]>,
        <11, [ 1, 2, 3, 4, 5, 6, 7, 8, 9, 10, 11, 12, 13, 14, 15, 16, 17, 18, 
        19, 20, 21, 22, 23, 24, 25, 26, 27, 28, 29, 30 ]>,
        <12, [ 5, 7, 9, 10, 14, 18, 19, 20, 25, 28 ]>,
        <13, [ 1, 2, 3, 4, 5, 6, 7, 8, 9, 10, 11, 12, 13, 14, 15, 16, 17, 18, 
        19, 20, 21, 22, 23, 24, 25, 26, 27, 28, 29, 30 ]>,
        <14, [ 1, 2, 4, 5, 7, 8, 9, 10, 14, 16, 18, 19, 20, 25, 28 ]>,
        <15, [ 3, 7, 9, 10, 11, 12, 13, 14, 17, 18, 19, 20, 21, 22, 24, 28 ]>,
        <16, [ 1, 2, 4, 5, 7, 8, 9, 10, 14, 16, 18, 19, 20, 25, 28 ]>,
        <17, [ 1, 2, 3, 4, 5, 6, 7, 8, 9, 10, 11, 12, 13, 14, 15, 16, 17, 18, 
        19, 20, 21, 22, 23, 24, 25, 26, 27, 28, 29, 30 ]>,
        <18, [ 5, 7, 9, 10, 14, 18, 19, 20, 25, 28 ]>,
        <19, [ 1, 2, 3, 4, 5, 6, 7, 8, 9, 10, 11, 12, 13, 14, 15, 16, 17, 18, 
        19, 20, 21, 22, 23, 24, 25, 26, 27, 28, 29, 30 ]>,
        <20, [ 2, 4, 7, 8, 9, 10, 14, 16, 18, 19, 20, 28 ]>,
        <21, [ 3, 5, 6, 7, 9, 10, 11, 12, 13, 14, 17, 18, 19, 20, 21, 22, 24, 
        25, 26, 28 ]>,
        <22, [ 1, 2, 4, 5, 7, 8, 9, 10, 14, 16, 18, 19, 20, 25, 28 ]>,
        <23, [ 1, 2, 3, 4, 5, 6, 7, 8, 9, 10, 11, 12, 13, 14, 15, 16, 17, 18, 
        19, 20, 21, 22, 23, 24, 25, 26, 27, 28, 29, 30 ]>,
        <24, [ 5, 7, 9, 10, 14, 18, 19, 20, 25, 28 ]>,
        <25, [ 2, 3, 4, 7, 8, 9, 10, 11, 12, 13, 14, 15, 16, 17, 18, 19, 20, 21,
        22, 23, 24, 27, 28, 29 ]>,
        <26, [ 1, 2, 4, 5, 7, 8, 9, 10, 14, 16, 18, 19, 20, 25, 28 ]>,
        <27, [ 3, 5, 6, 7, 9, 10, 11, 12, 13, 14, 17, 18, 19, 20, 21, 22, 24, 
        25, 26, 28 ]>,
        <28, [ 1, 2, 4, 5, 7, 8, 9, 10, 14, 16, 18, 19, 20, 25, 28 ]>,
        <29, [ 1, 2, 3, 4, 5, 6, 7, 8, 9, 10, 11, 12, 13, 14, 15, 16, 17, 18, 
        19, 20, 21, 22, 23, 24, 25, 26, 27, 28, 29, 30 ]>,
        <30, [ 7, 9, 10, 14, 18, 19, 20, 28 ]>,
        <31, [ 1, 1, 1, 1, 1, 1, 1, 1, 1, 1, 1, 1, 1, 1, 1, 1, 1, 1, 1, 1, 1, 1,
        1, 1, 1, 1, 1, 1, 1, 1, 1 ]>
    ],
    [
        <2, [ 3, 6, 11, 12, 13, 15, 17, 21, 22, 23, 24, 26, 27, 29, 30 ]>,
        <4, [ 3, 6, 11, 12, 13, 15, 17, 21, 22, 23, 24, 26, 27, 29, 30 ]>,
        <6, [ 3, 6, 11, 12, 13, 17, 21, 22, 24, 26 ]>,
        <8, [ 3, 6, 11, 12, 13, 15, 17, 21, 22, 23, 24, 26, 27, 29, 30 ]>,
        <10, [ 3, 11, 12, 13, 15, 17, 21, 22, 23, 24, 27, 29 ]>,
        <12, [ 3, 6, 11, 12, 13, 17, 21, 22, 24, 26 ]>,
        <14, [ 3, 6, 11, 12, 13, 15, 17, 21, 22, 23, 24, 26, 27, 29, 30 ]>,
        <16, [ 3, 6, 11, 12, 13, 15, 17, 21, 22, 23, 24, 26, 27, 29, 30 ]>,
        <18, [ 3, 6, 11, 12, 13, 17, 21, 22, 24, 26 ]>,
        <20, [ 3, 11, 12, 13, 15, 17, 21, 22, 23, 24, 27, 29 ]>,
        <22, [ 3, 6, 11, 12, 13, 15, 17, 21, 22, 23, 24, 26, 27, 29, 30 ]>,
        <24, [ 3, 6, 11, 12, 13, 17, 21, 22, 24, 26 ]>,
        <26, [ 3, 6, 11, 12, 13, 15, 17, 21, 22, 23, 24, 26, 27, 29, 30 ]>,
        <28, [ 3, 6, 11, 12, 13, 15, 17, 21, 22, 23, 24, 26, 27, 29, 30 ]>,
        <30, [ 3, 11, 12, 13, 17, 21, 22, 24 ]>
    ],
    [
        <3, [ 1, 2, 4, 8, 15, 16, 23, 27, 29, 30 ]>,
        <6, [ 1, 2, 4, 8, 16 ]>,
        <9, [ 1, 2, 4, 8, 15, 16, 23, 27, 29, 30 ]>,
        <12, [ 1, 2, 4, 8, 16 ]>,
        <15, [ 2, 4, 8, 15, 16, 23, 27, 29 ]>,
        <18, [ 1, 2, 4, 8, 16 ]>,
        <21, [ 1, 2, 4, 8, 15, 16, 23, 27, 29, 30 ]>,
        <24, [ 1, 2, 4, 8, 16 ]>,
        <27, [ 1, 2, 4, 8, 15, 16, 23, 27, 29, 30 ]>,
        <30, [ 2, 4, 8, 16 ]>
    ],
    [
        <5, [ 1, 5, 6, 25, 26, 30 ]>,
        <10, [ 1, 5, 25 ]>,
        <15, [ 5, 6, 25, 26 ]>,
        <20, [ 1, 5, 25 ]>,
        <25, [ 1, 5, 6, 25, 26, 30 ]>,
        <30, [ 5, 25 ]>
    ],
    [
        <6, [ 15, 23, 27, 29, 30 ]>,
        <12, [ 15, 23, 27, 29, 30 ]>,
        <18, [ 15, 23, 27, 29, 30 ]>,
        <24, [ 15, 23, 27, 29, 30 ]>,
        <30, [ 15, 23, 27, 29 ]>
    ],
    [
        <10, [ 6, 26, 30 ]>,
        <20, [ 6, 26, 30 ]>,
        <30, [ 6, 26 ]>
    ],
    [
        <15, [ 1, 30 ]>,
        <30, [ 1 ]>
    ],
    [
        <30, [ 30, 30, 30, 30, 30, 30, 30, 30, 30, 30, 30, 30, 30, 30, 30, 30, 
        30, 30, 30, 30, 30, 30, 30, 30, 30, 30, 30, 30, 30, 30, 30 ]>
    ]
]


37
[
    [
        <1, [ 1, 2, 3, 4, 5, 6, 7, 8, 9, 10, 11, 12, 13, 14, 15, 16, 17, 18, 19,
        20, 21, 22, 23, 24, 25, 26, 27, 28, 29, 30, 31, 32, 33, 34, 35, 36 ]>,
        <2, [ 2, 5, 6, 8, 13, 14, 15, 17, 18, 19, 20, 22, 23, 24, 29, 31, 32, 35
        ]>,
        <3, [ 2, 3, 4, 5, 7, 9, 12, 13, 15, 16, 17, 18, 19, 20, 21, 22, 24, 25, 
        28, 30, 32, 33, 34, 35 ]>,
        <4, [ 2, 5, 6, 8, 13, 14, 15, 17, 18, 19, 20, 22, 23, 24, 29, 31, 32, 35
        ]>,
        <5, [ 1, 2, 3, 4, 5, 6, 7, 8, 9, 10, 11, 12, 13, 14, 15, 16, 17, 18, 19,
        20, 21, 22, 23, 24, 25, 26, 27, 28, 29, 30, 31, 32, 33, 34, 35, 36 ]>,
        <6, [ 2, 5, 13, 15, 17, 18, 19, 20, 22, 24, 32, 35 ]>,
        <7, [ 1, 2, 3, 4, 5, 6, 7, 8, 9, 10, 11, 12, 13, 14, 15, 16, 17, 18, 19,
        20, 21, 22, 23, 24, 25, 26, 27, 28, 29, 30, 31, 32, 33, 34, 35, 36 ]>,
        <8, [ 2, 5, 6, 8, 13, 14, 15, 17, 18, 19, 20, 22, 23, 24, 29, 31, 32, 35
        ]>,
        <9, [ 2, 3, 4, 5, 7, 9, 12, 13, 15, 16, 17, 18, 19, 20, 21, 22, 24, 25, 
        28, 30, 32, 33, 34, 35 ]>,
        <10, [ 2, 5, 6, 8, 13, 14, 15, 17, 18, 19, 20, 22, 23, 24, 29, 31, 32, 
        35 ]>,
        <11, [ 1, 2, 3, 4, 5, 6, 7, 8, 9, 10, 11, 12, 13, 14, 15, 16, 17, 18, 
        19, 20, 21, 22, 23, 24, 25, 26, 27, 28, 29, 30, 31, 32, 33, 34, 35, 36 
        ]>,
        <12, [ 2, 5, 13, 15, 17, 18, 19, 20, 22, 24, 32, 35 ]>,
        <13, [ 1, 2, 3, 4, 5, 6, 7, 8, 9, 10, 11, 12, 13, 14, 15, 16, 17, 18, 
        19, 20, 21, 22, 23, 24, 25, 26, 27, 28, 29, 30, 31, 32, 33, 34, 35, 36 
        ]>,
        <14, [ 2, 5, 6, 8, 13, 14, 15, 17, 18, 19, 20, 22, 23, 24, 29, 31, 32, 
        35 ]>,
        <15, [ 2, 3, 4, 5, 7, 9, 12, 13, 15, 16, 17, 18, 19, 20, 21, 22, 24, 25,
        28, 30, 32, 33, 34, 35 ]>,
        <16, [ 2, 5, 6, 8, 13, 14, 15, 17, 18, 19, 20, 22, 23, 24, 29, 31, 32, 
        35 ]>,
        <17, [ 1, 2, 3, 4, 5, 6, 7, 8, 9, 10, 11, 12, 13, 14, 15, 16, 17, 18, 
        19, 20, 21, 22, 23, 24, 25, 26, 27, 28, 29, 30, 31, 32, 33, 34, 35, 36 
        ]>,
        <18, [ 2, 5, 13, 15, 17, 18, 19, 20, 22, 24, 32, 35 ]>,
        <19, [ 1, 2, 3, 4, 5, 6, 7, 8, 9, 10, 11, 12, 13, 14, 15, 16, 17, 18, 
        19, 20, 21, 22, 23, 24, 25, 26, 27, 28, 29, 30, 31, 32, 33, 34, 35, 36 
        ]>,
        <20, [ 2, 5, 6, 8, 13, 14, 15, 17, 18, 19, 20, 22, 23, 24, 29, 31, 32, 
        35 ]>,
        <21, [ 2, 3, 4, 5, 7, 9, 12, 13, 15, 16, 17, 18, 19, 20, 21, 22, 24, 25,
        28, 30, 32, 33, 34, 35 ]>,
        <22, [ 2, 5, 6, 8, 13, 14, 15, 17, 18, 19, 20, 22, 23, 24, 29, 31, 32, 
        35 ]>,
        <23, [ 1, 2, 3, 4, 5, 6, 7, 8, 9, 10, 11, 12, 13, 14, 15, 16, 17, 18, 
        19, 20, 21, 22, 23, 24, 25, 26, 27, 28, 29, 30, 31, 32, 33, 34, 35, 36 
        ]>,
        <24, [ 2, 5, 13, 15, 17, 18, 19, 20, 22, 24, 32, 35 ]>,
        <25, [ 1, 2, 3, 4, 5, 6, 7, 8, 9, 10, 11, 12, 13, 14, 15, 16, 17, 18, 
        19, 20, 21, 22, 23, 24, 25, 26, 27, 28, 29, 30, 31, 32, 33, 34, 35, 36 
        ]>,
        <26, [ 2, 5, 6, 8, 13, 14, 15, 17, 18, 19, 20, 22, 23, 24, 29, 31, 32, 
        35 ]>,
        <27, [ 2, 3, 4, 5, 7, 9, 12, 13, 15, 16, 17, 18, 19, 20, 21, 22, 24, 25,
        28, 30, 32, 33, 34, 35 ]>,
        <28, [ 2, 5, 6, 8, 13, 14, 15, 17, 18, 19, 20, 22, 23, 24, 29, 31, 32, 
        35 ]>,
        <29, [ 1, 2, 3, 4, 5, 6, 7, 8, 9, 10, 11, 12, 13, 14, 15, 16, 17, 18, 
        19, 20, 21, 22, 23, 24, 25, 26, 27, 28, 29, 30, 31, 32, 33, 34, 35, 36 
        ]>,
        <30, [ 2, 5, 13, 15, 17, 18, 19, 20, 22, 24, 32, 35 ]>,
        <31, [ 1, 2, 3, 4, 5, 6, 7, 8, 9, 10, 11, 12, 13, 14, 15, 16, 17, 18, 
        19, 20, 21, 22, 23, 24, 25, 26, 27, 28, 29, 30, 31, 32, 33, 34, 35, 36 
        ]>,
        <32, [ 2, 5, 6, 8, 13, 14, 15, 17, 18, 19, 20, 22, 23, 24, 29, 31, 32, 
        35 ]>,
        <33, [ 2, 3, 4, 5, 7, 9, 12, 13, 15, 16, 17, 18, 19, 20, 21, 22, 24, 25,
        28, 30, 32, 33, 34, 35 ]>,
        <34, [ 2, 5, 6, 8, 13, 14, 15, 17, 18, 19, 20, 22, 23, 24, 29, 31, 32, 
        35 ]>,
        <35, [ 1, 2, 3, 4, 5, 6, 7, 8, 9, 10, 11, 12, 13, 14, 15, 16, 17, 18, 
        19, 20, 21, 22, 23, 24, 25, 26, 27, 28, 29, 30, 31, 32, 33, 34, 35, 36 
        ]>,
        <36, [ 2, 5, 13, 15, 17, 18, 19, 20, 22, 24, 32, 35 ]>,
        <37, [ 1, 1, 1, 1, 1, 1, 1, 1, 1, 1, 1, 1, 1, 1, 1, 1, 1, 1, 1, 1, 1, 1,
        1, 1, 1, 1, 1, 1, 1, 1, 1, 1, 1, 1, 1, 1, 1 ]>
    ],
    [
        <2, [ 1, 3, 4, 7, 9, 10, 11, 12, 16, 21, 25, 26, 27, 28, 30, 33, 34, 36 
        ]>,
        <4, [ 1, 7, 9, 10, 12, 16, 26, 33, 34 ]>,
        <6, [ 3, 4, 7, 9, 12, 16, 21, 25, 28, 30, 33, 34 ]>,
        <8, [ 1, 7, 9, 10, 12, 16, 26, 33, 34 ]>,
        <10, [ 1, 3, 4, 7, 9, 10, 11, 12, 16, 21, 25, 26, 27, 28, 30, 33, 34, 36
        ]>,
        <12, [ 7, 9, 12, 16, 33, 34 ]>,
        <14, [ 1, 3, 4, 7, 9, 10, 11, 12, 16, 21, 25, 26, 27, 28, 30, 33, 34, 36
        ]>,
        <16, [ 1, 7, 9, 10, 12, 16, 26, 33, 34 ]>,
        <18, [ 3, 4, 7, 9, 12, 16, 21, 25, 28, 30, 33, 34 ]>,
        <20, [ 1, 7, 9, 10, 12, 16, 26, 33, 34 ]>,
        <22, [ 1, 3, 4, 7, 9, 10, 11, 12, 16, 21, 25, 26, 27, 28, 30, 33, 34, 36
        ]>,
        <24, [ 7, 9, 12, 16, 33, 34 ]>,
        <26, [ 1, 3, 4, 7, 9, 10, 11, 12, 16, 21, 25, 26, 27, 28, 30, 33, 34, 36
        ]>,
        <28, [ 1, 7, 9, 10, 12, 16, 26, 33, 34 ]>,
        <30, [ 3, 4, 7, 9, 12, 16, 21, 25, 28, 30, 33, 34 ]>,
        <32, [ 1, 7, 9, 10, 12, 16, 26, 33, 34 ]>,
        <34, [ 1, 3, 4, 7, 9, 10, 11, 12, 16, 21, 25, 26, 27, 28, 30, 33, 34, 36
        ]>,
        <36, [ 7, 9, 12, 16, 33, 34 ]>
    ],
    [
        <3, [ 1, 6, 8, 10, 11, 14, 23, 26, 27, 29, 31, 36 ]>,
        <6, [ 6, 8, 14, 23, 29, 31 ]>,
        <9, [ 8, 10, 11, 14, 23, 26, 27, 29 ]>,
        <12, [ 6, 8, 14, 23, 29, 31 ]>,
        <15, [ 1, 6, 8, 10, 11, 14, 23, 26, 27, 29, 31, 36 ]>,
        <18, [ 8, 14, 23, 29 ]>,
        <21, [ 1, 6, 8, 10, 11, 14, 23, 26, 27, 29, 31, 36 ]>,
        <24, [ 6, 8, 14, 23, 29, 31 ]>,
        <27, [ 8, 10, 11, 14, 23, 26, 27, 29 ]>,
        <30, [ 6, 8, 14, 23, 29, 31 ]>,
        <33, [ 1, 6, 8, 10, 11, 14, 23, 26, 27, 29, 31, 36 ]>,
        <36, [ 8, 14, 23, 29 ]>
    ],
    [
        <4, [ 3, 4, 11, 21, 25, 27, 28, 30, 36 ]>,
        <8, [ 3, 4, 11, 21, 25, 27, 28, 30, 36 ]>,
        <12, [ 3, 4, 21, 25, 28, 30 ]>,
        <16, [ 3, 4, 11, 21, 25, 27, 28, 30, 36 ]>,
        <20, [ 3, 4, 11, 21, 25, 27, 28, 30, 36 ]>,
        <24, [ 3, 4, 21, 25, 28, 30 ]>,
        <28, [ 3, 4, 11, 21, 25, 27, 28, 30, 36 ]>,
        <32, [ 3, 4, 11, 21, 25, 27, 28, 30, 36 ]>,
        <36, [ 3, 4, 21, 25, 28, 30 ]>
    ],
    [
        <6, [ 1, 10, 11, 26, 27, 36 ]>,
        <12, [ 1, 10, 26 ]>,
        <18, [ 10, 11, 26, 27 ]>,
        <24, [ 1, 10, 26 ]>,
        <30, [ 1, 10, 11, 26, 27, 36 ]>,
        <36, [ 10, 26 ]>
    ],
    [
        <9, [ 1, 6, 31, 36 ]>,
        <18, [ 6, 31 ]>,
        <27, [ 1, 6, 31, 36 ]>,
        <36, [ 6, 31 ]>
    ],
    [
        <12, [ 11, 27, 36 ]>,
        <24, [ 11, 27, 36 ]>,
        <36, [ 11, 27 ]>
    ],
    [
        <18, [ 1, 36 ]>,
        <36, [ 1 ]>
    ],
    [
        <36, [ 36, 36, 36, 36, 36, 36, 36, 36, 36, 36, 36, 36, 36, 36, 36, 36, 
        36, 36, 36, 36, 36, 36, 36, 36, 36, 36, 36, 36, 36, 36, 36, 36, 36, 36, 
        36, 36, 36 ]>
    ]
]


41
[
    [
        <1, [ 1, 2, 3, 4, 5, 6, 7, 8, 9, 10, 11, 12, 13, 14, 15, 16, 17, 18, 19,
        20, 21, 22, 23, 24, 25, 26, 27, 28, 29, 30, 31, 32, 33, 34, 35, 36, 37, 
        38, 39, 40 ]>,
        <2, [ 3, 6, 7, 11, 12, 13, 14, 15, 17, 19, 22, 24, 26, 27, 28, 29, 30, 
        34, 35, 38 ]>,
        <3, [ 1, 2, 3, 4, 5, 6, 7, 8, 9, 10, 11, 12, 13, 14, 15, 16, 17, 18, 19,
        20, 21, 22, 23, 24, 25, 26, 27, 28, 29, 30, 31, 32, 33, 34, 35, 36, 37, 
        38, 39, 40 ]>,
        <4, [ 3, 6, 7, 11, 12, 13, 14, 15, 17, 19, 22, 24, 26, 27, 28, 29, 30, 
        34, 35, 38 ]>,
        <5, [ 2, 4, 5, 6, 7, 8, 10, 11, 12, 13, 15, 16, 17, 18, 19, 20, 21, 22, 
        23, 24, 25, 26, 28, 29, 30, 31, 33, 34, 35, 36, 37, 39 ]>,
        <6, [ 3, 6, 7, 11, 12, 13, 14, 15, 17, 19, 22, 24, 26, 27, 28, 29, 30, 
        34, 35, 38 ]>,
        <7, [ 1, 2, 3, 4, 5, 6, 7, 8, 9, 10, 11, 12, 13, 14, 15, 16, 17, 18, 19,
        20, 21, 22, 23, 24, 25, 26, 27, 28, 29, 30, 31, 32, 33, 34, 35, 36, 37, 
        38, 39, 40 ]>,
        <8, [ 3, 6, 7, 11, 12, 13, 14, 15, 17, 19, 22, 24, 26, 27, 28, 29, 30, 
        34, 35, 38 ]>,
        <9, [ 1, 2, 3, 4, 5, 6, 7, 8, 9, 10, 11, 12, 13, 14, 15, 16, 17, 18, 19,
        20, 21, 22, 23, 24, 25, 26, 27, 28, 29, 30, 31, 32, 33, 34, 35, 36, 37, 
        38, 39, 40 ]>,
        <10, [ 6, 7, 11, 12, 13, 15, 17, 19, 22, 24, 26, 28, 29, 30, 34, 35 ]>,
        <11, [ 1, 2, 3, 4, 5, 6, 7, 8, 9, 10, 11, 12, 13, 14, 15, 16, 17, 18, 
        19, 20, 21, 22, 23, 24, 25, 26, 27, 28, 29, 30, 31, 32, 33, 34, 35, 36, 
        37, 38, 39, 40 ]>,
        <12, [ 3, 6, 7, 11, 12, 13, 14, 15, 17, 19, 22, 24, 26, 27, 28, 29, 30, 
        34, 35, 38 ]>,
        <13, [ 1, 2, 3, 4, 5, 6, 7, 8, 9, 10, 11, 12, 13, 14, 15, 16, 17, 18, 
        19, 20, 21, 22, 23, 24, 25, 26, 27, 28, 29, 30, 31, 32, 33, 34, 35, 36, 
        37, 38, 39, 40 ]>,
        <14, [ 3, 6, 7, 11, 12, 13, 14, 15, 17, 19, 22, 24, 26, 27, 28, 29, 30, 
        34, 35, 38 ]>,
        <15, [ 2, 4, 5, 6, 7, 8, 10, 11, 12, 13, 15, 16, 17, 18, 19, 20, 21, 22,
        23, 24, 25, 26, 28, 29, 30, 31, 33, 34, 35, 36, 37, 39 ]>,
        <16, [ 3, 6, 7, 11, 12, 13, 14, 15, 17, 19, 22, 24, 26, 27, 28, 29, 30, 
        34, 35, 38 ]>,
        <17, [ 1, 2, 3, 4, 5, 6, 7, 8, 9, 10, 11, 12, 13, 14, 15, 16, 17, 18, 
        19, 20, 21, 22, 23, 24, 25, 26, 27, 28, 29, 30, 31, 32, 33, 34, 35, 36, 
        37, 38, 39, 40 ]>,
        <18, [ 3, 6, 7, 11, 12, 13, 14, 15, 17, 19, 22, 24, 26, 27, 28, 29, 30, 
        34, 35, 38 ]>,
        <19, [ 1, 2, 3, 4, 5, 6, 7, 8, 9, 10, 11, 12, 13, 14, 15, 16, 17, 18, 
        19, 20, 21, 22, 23, 24, 25, 26, 27, 28, 29, 30, 31, 32, 33, 34, 35, 36, 
        37, 38, 39, 40 ]>,
        <20, [ 6, 7, 11, 12, 13, 15, 17, 19, 22, 24, 26, 28, 29, 30, 34, 35 ]>,
        <21, [ 1, 2, 3, 4, 5, 6, 7, 8, 9, 10, 11, 12, 13, 14, 15, 16, 17, 18, 
        19, 20, 21, 22, 23, 24, 25, 26, 27, 28, 29, 30, 31, 32, 33, 34, 35, 36, 
        37, 38, 39, 40 ]>,
        <22, [ 3, 6, 7, 11, 12, 13, 14, 15, 17, 19, 22, 24, 26, 27, 28, 29, 30, 
        34, 35, 38 ]>,
        <23, [ 1, 2, 3, 4, 5, 6, 7, 8, 9, 10, 11, 12, 13, 14, 15, 16, 17, 18, 
        19, 20, 21, 22, 23, 24, 25, 26, 27, 28, 29, 30, 31, 32, 33, 34, 35, 36, 
        37, 38, 39, 40 ]>,
        <24, [ 3, 6, 7, 11, 12, 13, 14, 15, 17, 19, 22, 24, 26, 27, 28, 29, 30, 
        34, 35, 38 ]>,
        <25, [ 2, 4, 5, 6, 7, 8, 10, 11, 12, 13, 15, 16, 17, 18, 19, 20, 21, 22,
        23, 24, 25, 26, 28, 29, 30, 31, 33, 34, 35, 36, 37, 39 ]>,
        <26, [ 3, 6, 7, 11, 12, 13, 14, 15, 17, 19, 22, 24, 26, 27, 28, 29, 30, 
        34, 35, 38 ]>,
        <27, [ 1, 2, 3, 4, 5, 6, 7, 8, 9, 10, 11, 12, 13, 14, 15, 16, 17, 18, 
        19, 20, 21, 22, 23, 24, 25, 26, 27, 28, 29, 30, 31, 32, 33, 34, 35, 36, 
        37, 38, 39, 40 ]>,
        <28, [ 3, 6, 7, 11, 12, 13, 14, 15, 17, 19, 22, 24, 26, 27, 28, 29, 30, 
        34, 35, 38 ]>,
        <29, [ 1, 2, 3, 4, 5, 6, 7, 8, 9, 10, 11, 12, 13, 14, 15, 16, 17, 18, 
        19, 20, 21, 22, 23, 24, 25, 26, 27, 28, 29, 30, 31, 32, 33, 34, 35, 36, 
        37, 38, 39, 40 ]>,
        <30, [ 6, 7, 11, 12, 13, 15, 17, 19, 22, 24, 26, 28, 29, 30, 34, 35 ]>,
        <31, [ 1, 2, 3, 4, 5, 6, 7, 8, 9, 10, 11, 12, 13, 14, 15, 16, 17, 18, 
        19, 20, 21, 22, 23, 24, 25, 26, 27, 28, 29, 30, 31, 32, 33, 34, 35, 36, 
        37, 38, 39, 40 ]>,
        <32, [ 3, 6, 7, 11, 12, 13, 14, 15, 17, 19, 22, 24, 26, 27, 28, 29, 30, 
        34, 35, 38 ]>,
        <33, [ 1, 2, 3, 4, 5, 6, 7, 8, 9, 10, 11, 12, 13, 14, 15, 16, 17, 18, 
        19, 20, 21, 22, 23, 24, 25, 26, 27, 28, 29, 30, 31, 32, 33, 34, 35, 36, 
        37, 38, 39, 40 ]>,
        <34, [ 3, 6, 7, 11, 12, 13, 14, 15, 17, 19, 22, 24, 26, 27, 28, 29, 30, 
        34, 35, 38 ]>,
        <35, [ 2, 4, 5, 6, 7, 8, 10, 11, 12, 13, 15, 16, 17, 18, 19, 20, 21, 22,
        23, 24, 25, 26, 28, 29, 30, 31, 33, 34, 35, 36, 37, 39 ]>,
        <36, [ 3, 6, 7, 11, 12, 13, 14, 15, 17, 19, 22, 24, 26, 27, 28, 29, 30, 
        34, 35, 38 ]>,
        <37, [ 1, 2, 3, 4, 5, 6, 7, 8, 9, 10, 11, 12, 13, 14, 15, 16, 17, 18, 
        19, 20, 21, 22, 23, 24, 25, 26, 27, 28, 29, 30, 31, 32, 33, 34, 35, 36, 
        37, 38, 39, 40 ]>,
        <38, [ 3, 6, 7, 11, 12, 13, 14, 15, 17, 19, 22, 24, 26, 27, 28, 29, 30, 
        34, 35, 38 ]>,
        <39, [ 1, 2, 3, 4, 5, 6, 7, 8, 9, 10, 11, 12, 13, 14, 15, 16, 17, 18, 
        19, 20, 21, 22, 23, 24, 25, 26, 27, 28, 29, 30, 31, 32, 33, 34, 35, 36, 
        37, 38, 39, 40 ]>,
        <40, [ 6, 7, 11, 12, 13, 15, 17, 19, 22, 24, 26, 28, 29, 30, 34, 35 ]>,
        <41, [ 1, 1, 1, 1, 1, 1, 1, 1, 1, 1, 1, 1, 1, 1, 1, 1, 1, 1, 1, 1, 1, 1,
        1, 1, 1, 1, 1, 1, 1, 1, 1, 1, 1, 1, 1, 1, 1, 1, 1, 1, 1 ]>
    ],
    [
        <2, [ 1, 2, 4, 5, 8, 9, 10, 16, 18, 20, 21, 23, 25, 31, 32, 33, 36, 37, 
        39, 40 ]>,
        <4, [ 2, 5, 8, 9, 20, 21, 32, 33, 36, 39 ]>,
        <6, [ 1, 2, 4, 5, 8, 9, 10, 16, 18, 20, 21, 23, 25, 31, 32, 33, 36, 37, 
        39, 40 ]>,
        <8, [ 2, 5, 8, 9, 20, 21, 32, 33, 36, 39 ]>,
        <10, [ 2, 4, 5, 8, 10, 16, 18, 20, 21, 23, 25, 31, 33, 36, 37, 39 ]>,
        <12, [ 2, 5, 8, 9, 20, 21, 32, 33, 36, 39 ]>,
        <14, [ 1, 2, 4, 5, 8, 9, 10, 16, 18, 20, 21, 23, 25, 31, 32, 33, 36, 37,
        39, 40 ]>,
        <16, [ 2, 5, 8, 9, 20, 21, 32, 33, 36, 39 ]>,
        <18, [ 1, 2, 4, 5, 8, 9, 10, 16, 18, 20, 21, 23, 25, 31, 32, 33, 36, 37,
        39, 40 ]>,
        <20, [ 2, 5, 8, 20, 21, 33, 36, 39 ]>,
        <22, [ 1, 2, 4, 5, 8, 9, 10, 16, 18, 20, 21, 23, 25, 31, 32, 33, 36, 37,
        39, 40 ]>,
        <24, [ 2, 5, 8, 9, 20, 21, 32, 33, 36, 39 ]>,
        <26, [ 1, 2, 4, 5, 8, 9, 10, 16, 18, 20, 21, 23, 25, 31, 32, 33, 36, 37,
        39, 40 ]>,
        <28, [ 2, 5, 8, 9, 20, 21, 32, 33, 36, 39 ]>,
        <30, [ 2, 4, 5, 8, 10, 16, 18, 20, 21, 23, 25, 31, 33, 36, 37, 39 ]>,
        <32, [ 2, 5, 8, 9, 20, 21, 32, 33, 36, 39 ]>,
        <34, [ 1, 2, 4, 5, 8, 9, 10, 16, 18, 20, 21, 23, 25, 31, 32, 33, 36, 37,
        39, 40 ]>,
        <36, [ 2, 5, 8, 9, 20, 21, 32, 33, 36, 39 ]>,
        <38, [ 1, 2, 4, 5, 8, 9, 10, 16, 18, 20, 21, 23, 25, 31, 32, 33, 36, 37,
        39, 40 ]>,
        <40, [ 2, 5, 8, 20, 21, 33, 36, 39 ]>
    ],
    [
        <4, [ 1, 4, 10, 16, 18, 23, 25, 31, 37, 40 ]>,
        <8, [ 1, 10, 16, 18, 37 ]>,
        <12, [ 1, 4, 10, 16, 18, 23, 25, 31, 37, 40 ]>,
        <16, [ 1, 10, 16, 18, 37 ]>,
        <20, [ 4, 10, 16, 18, 23, 25, 31, 37 ]>,
        <24, [ 1, 10, 16, 18, 37 ]>,
        <28, [ 1, 4, 10, 16, 18, 23, 25, 31, 37, 40 ]>,
        <32, [ 1, 10, 16, 18, 37 ]>,
        <36, [ 1, 4, 10, 16, 18, 23, 25, 31, 37, 40 ]>,
        <40, [ 10, 16, 18, 37 ]>
    ],
    [
        <5, [ 1, 3, 9, 14, 27, 32, 38, 40 ]>,
        <10, [ 3, 14, 27, 38 ]>,
        <15, [ 1, 3, 9, 14, 27, 32, 38, 40 ]>,
        <20, [ 3, 14, 27, 38 ]>,
        <25, [ 1, 3, 9, 14, 27, 32, 38, 40 ]>,
        <30, [ 3, 14, 27, 38 ]>,
        <35, [ 1, 3, 9, 14, 27, 32, 38, 40 ]>,
        <40, [ 3, 14, 27, 38 ]>
    ],
    [
        <8, [ 4, 23, 25, 31, 40 ]>,
        <16, [ 4, 23, 25, 31, 40 ]>,
        <24, [ 4, 23, 25, 31, 40 ]>,
        <32, [ 4, 23, 25, 31, 40 ]>,
        <40, [ 4, 23, 25, 31 ]>
    ],
    [
        <10, [ 1, 9, 32, 40 ]>,
        <20, [ 9, 32 ]>,
        <30, [ 1, 9, 32, 40 ]>,
        <40, [ 9, 32 ]>
    ],
    [
        <20, [ 1, 40 ]>,
        <40, [ 1 ]>
    ],
    [
        <40, [ 40, 40, 40, 40, 40, 40, 40, 40, 40, 40, 40, 40, 40, 40, 40, 40, 
        40, 40, 40, 40, 40, 40, 40, 40, 40, 40, 40, 40, 40, 40, 40, 40, 40, 40, 
        40, 40, 40, 40, 40, 40, 40 ]>
    ]
]